-110 82 103 -35 51 -99 -77 -20 -61 -93 -85 127 93 19 49 -18 
-62 -127 -38 -127 -108 76 3 103 26 -13 15 -14 122 -15 -121 122 
24 95 -90 -68 -95 -81 -72 127 101 -105 -90 120 -120 -68 -73 117 
59 32 10 -32 -77 127 58 -127 -88 21 -108 90 -7 4 50 56 
114 74 90 12 41 -36 19 79 -9 -2 -78 -14 -127 50 -19 -34 
57 -127 -14 103 110 -65 40 67 -88 86 -62 49 -50 103 -93 57 
85 0 -17 -97 -37 -88 76 127 8 -126 -4 115 46 39 104 -126 
-61 -17 14 85 -85 43 -59 47 -119 81 12 27 57 -95 127 -69 
32 -24 -124 105 -3 36 -118 109 101 127 25 40 -122 18 -94 108 
93 -28 -113 -21 22 -127 84 -12 5 34 48 -59 60 35 69 -115 
-116 96 -126 35 -30 -105 74 43 -96 -42 83 27 127 -1 27 84 
-99 -50 78 52 -9 -16 -127 58 50 -75 4 -125 110 -105 122 61 
-18 -100 -53 -1 23 45 37 77 -68 -22 48 -123 127 -46 -6 -58 
-19 -9 -127 -16 94 6 45 -20 -111 85 -83 -42 36 101 -47 117 
-64 -55 -64 101 40 -120 32 -127 54 85 -71 5 -44 -9 -58 -82 
121 83 -49 -18 -55 -88 -13 -39 30 53 127 77 -97 -16 31 76 
