11 -127 60 15 47 88 99 -112 94 124 16 -34 -90 54 61 113 
-102 -26 -36 -67 -125 121 106 113 -39 -56 62 -112 -4 -51 124 -127 
-116 91 -61 -14 85 127 122 38 120 -97 -77 2 -43 -120 96 30 
127 9 -96 -33 54 92 112 -6 65 73 -54 45 -49 -84 57 -62 
-124 -96 -102 75 -30 25 -88 -118 -39 -120 -51 -63 -127 -107 -72 58 
92 44 43 -65 -72 53 -127 -80 -76 -28 42 108 86 79 93 -55 
25 -105 -19 -38 117 -115 127 -105 79 -122 76 55 113 -59 58 80 
-94 29 68 -64 6 -98 -93 -127 83 116 -63 -26 101 -66 22 -19 
111 84 -118 -95 -55 111 -67 -36 13 94 34 13 63 68 127 -119 
123 -26 -83 -44 116 -13 -118 -118 84 103 -90 -62 -127 35 77 -69 
13 127 -16 -15 -104 67 -70 109 -25 81 -103 62 -5 -7 14 43 
19 41 98 -125 -82 -123 74 122 35 -51 -91 -6 29 126 127 -83 
72 -125 48 63 50 -78 -10 -97 -85 -40 115 -94 -47 -107 127 -7 
97 -20 -37 22 -61 -9 -44 4 111 15 -101 94 -102 91 96 -127 
-90 61 -15 114 72 19 10 118 127 5 -18 -91 -79 -12 -117 106 
39 -127 -120 124 -86 21 -122 -80 -100 -116 64 34 -84 -46 -115 -8 
