-7.61981782e+01 5.66840272e+01 7.10380911e+01 -2.44996495e+01 3.53882745e+01 -6.86255690e+01 -5.32596774e+01 -1.41660675e+01 -4.24181595e+01 -6.40662790e+01 -5.86180635e+01 8.77930551e+01 6.41442227e+01 1.28583289e+01 3.40954232e+01 -1.21125933e+01
-4.03505643e+01 -8.22553168e+01 -2.47452099e+01 -8.23164136e+01 -6.99124969e+01 4.91466524e+01 2.12170874e+00 6.66915381e+01 1.70062770e+01 -8.37228507e+00 9.92174505e+00 -9.18706792e+00 7.93448181e+01 -9.70852468e+00 -7.82677664e+01 7.91776386e+01
1.47956787e+01 5.83916234e+01 -5.56250178e+01 -4.18047852e+01 -5.86129883e+01 -5.00195339e+01 -4.43860488e+01 7.82611228e+01 6.24482654e+01 -6.48023421e+01 -5.54137537e+01 7.42392509e+01 -7.37853091e+01 -4.19268985e+01 -4.49726452e+01 7.23863910e+01
4.33259840e+01 2.32966671e+01 7.34757845e+00 -2.30547868e+01 -5.65662378e+01 9.29509667e+01 4.27239988e+01 -9.27200263e+01 -6.45872323e+01 1.57345496e+01 -7.93820520e+01 6.56396356e+01 -5.05685611e+00 2.97084984e+00 3.67225604e+01 4.12232517e+01
8.93675181e+01 5.79545744e+01 7.01505448e+01 9.51582276e+00 3.22321177e+01 -2.80798577e+01 1.49410018e+01 6.16967071e+01 -6.71221542e+00 -1.21128269e+00 -6.06132446e+01 -1.10578693e+01 -9.91422560e+01 3.90019548e+01 -1.47372582e+01 -2.67768269e+01
3.93002610e+01 -8.75402022e+01 -9.61180484e+00 7.07046645e+01 7.59874506e+01 -4.47614733e+01 2.75978239e+01 4.58801589e+01 -6.03502592e+01 5.94540826e+01 -4.24542101e+01 3.34842758e+01 -3.43539229e+01 7.09197323e+01 -6.42362702e+01 3.90635635e+01
6.53705669e+01 -2.86876998e-02 -1.29210180e+01 -7.51868874e+01 -2.88549533e+01 -6.77559228e+01 5.89248079e+01 9.79742427e+01 6.40987338e+00 -9.73684008e+01 -2.86199882e+00 8.85597423e+01 3.54667834e+01 2.99440340e+01 8.02962484e+01 -9.68879178e+01
-4.71422706e+01 -1.31627507e+01 1.04864284e+01 6.52747860e+01 -6.59021453e+01 3.35763525e+01 -4.57237188e+01 3.61350774e+01 -9.18244076e+01 6.24836545e+01 9.46215297e+00 2.09972615e+01 4.40081388e+01 -7.33274668e+01 9.80436006e+01 -5.33322086e+01
2.42358321e+01 -1.77900747e+01 -9.34545306e+01 7.93903811e+01 -2.47333253e+00 2.71429283e+01 -8.86702033e+01 8.25583463e+01 7.58624340e+01 9.58124272e+01 1.87110054e+01 3.02267878e+01 -9.19605853e+01 1.35368918e+01 -7.07245352e+01 8.13295488e+01
6.75410885e+01 -2.05831753e+01 -8.16669141e+01 -1.49708687e+01 1.57216663e+01 -9.17856417e+01 6.07185413e+01 -8.36127645e+00 3.61663044e+00 2.45463333e+01 3.46263088e+01 -4.24865501e+01 4.34737957e+01 2.49502149e+01 5.01175542e+01 -8.33018699e+01
-8.48068685e+01 6.97210958e+01 -9.17710056e+01 2.53466337e+01 -2.19306321e+01 -7.67292943e+01 5.40507825e+01 3.16631507e+01 -7.01780104e+01 -3.05736003e+01 6.03253512e+01 1.97133862e+01 9.26251139e+01 -4.34745569e-01 1.96573100e+01 6.13832956e+01
-7.62854477e+01 -3.86655209e+01 6.04581457e+01 4.00338465e+01 -7.27869399e+00 -1.26146424e+01 -9.78143640e+01 4.44014145e+01 3.82105829e+01 -5.75399872e+01 2.99379771e+00 -9.65774284e+01 8.47791612e+01 -8.06698784e+01 9.39984186e+01 4.66429522e+01
-1.32330318e+01 -7.24656568e+01 -3.81285701e+01 -9.02209311e-01 1.63291880e+01 3.26653377e+01 2.70249594e+01 5.55000823e+01 -4.94763051e+01 -1.58613589e+01 3.48880063e+01 -8.95337856e+01 9.21154678e+01 -3.36859301e+01 -4.48286909e+00 -4.17490143e+01
-1.46097064e+01 -6.56676652e+00 -9.64804259e+01 -1.22402881e+01 7.17395504e+01 4.21991718e+00 3.43118526e+01 -1.55153949e+01 -8.45293856e+01 6.43515798e+01 -6.28763981e+01 -3.19763971e+01 2.71389205e+01 7.63952773e+01 -3.58858137e+01 8.86200709e+01
-4.28167798e+01 -3.62863895e+01 -4.26987266e+01 6.73964635e+01 2.66653863e+01 -7.98431824e+01 2.13710946e+01 -8.44053630e+01 3.56774530e+01 5.67185059e+01 -4.71813446e+01 3.53335943e+00 -2.92060261e+01 -6.14091306e+00 -3.83701028e+01 -5.48243683e+01
8.77106449e+01 6.07007748e+01 -3.56755005e+01 -1.33085195e+01 -3.99569236e+01 -6.41369935e+01 -9.71895561e+00 -2.83545778e+01 2.18812418e+01 3.87773519e+01 9.23981524e+01 5.57796467e+01 -7.03154165e+01 -1.18919606e+01 2.23979524e+01 5.54040229e+01
