1.03829295e+01 6.98278056e+01 -4.82330876e+01 3.12413393e+00 7.83534972e+01 -4.66439517e+01 1.89960573e+01 1.30132556e+01 -6.93979495e+01 9.00865473e+01 9.86822162e+01 -3.40131224e+01 2.56455004e+01 7.10037067e+01 1.12116018e+01 5.82467725e+01
1.77410507e+01 7.96273754e+00 1.21308866e+01 -3.93642637e+01 -6.58594918e+01 7.33178161e+01 -4.91614901e+01 2.76339817e+01 -6.12483582e+01 -4.16901806e+01 3.07413095e+01 -6.97464258e+01 -9.62241545e+01 -4.22686570e+01 -6.61875660e+01 7.33872932e+01
8.80453410e+01 1.74505524e+01 -8.62283587e+01 -4.93406681e+01 3.54530410e+01 -9.52480648e+01 4.28930840e+01 9.66031503e+01 -6.65398356e+00 -8.34407072e+01 -5.44593563e+01 -8.82965305e+00 -2.54070698e+00 -3.55738783e+01 -9.84577091e+00 5.68986249e+01
-6.57279296e+01 -5.79970597e+01 -6.76940501e+01 8.79027388e+01 6.00391690e+01 -5.65040055e+01 -1.19309637e+01 4.98151540e+01 -7.81644614e+01 8.89526653e+01 -9.79317262e+01 5.64919331e+01 -1.37146371e+01 -9.24204255e+01 6.88803889e+01 -7.03325756e+01
-8.29736274e+01 2.88768789e+01 1.54079881e+01 -6.83844543e+01 4.34522605e+01 -1.60243700e+01 1.16184572e+01 1.19584813e+00 6.95685224e+01 8.76749461e+01 7.47780356e+00 -2.08981733e+01 8.75541080e+01 1.25077222e+01 -2.68749248e+01 -1.94949306e+01
-2.18477326e+00 -9.30899052e+01 2.03252832e-01 8.80731575e+01 2.53902488e+01 3.37447692e+01 4.49849809e+01 -6.77919803e+01 2.68683227e+00 3.56408175e+01 1.14604002e+01 4.68051276e+01 2.53235833e+00 -9.90074682e+01 9.66682414e+01 -7.65916205e+01
9.41368395e+01 -4.08335740e+01 9.33106631e+00 2.93581814e+01 9.09263989e+00 -2.87239269e+01 2.01034201e+01 2.05920382e+01 -6.31525427e+01 4.67405385e+01 1.94891829e+01 8.95922520e+01 -6.35620286e+01 4.28417923e+00 3.85522901e+01 6.06920345e+01
-6.11154351e+01 5.96222910e+01 -6.73111624e+01 1.40383555e+01 -6.88070809e+01 -3.45701737e+01 1.71415609e+01 -9.27328959e+01 -9.35298225e+01 5.72275275e+01 3.15092069e+01 8.13955805e+01 5.18797077e+01 1.97238632e+01 -3.62290730e-01 5.76074469e+01
1.14103471e+00 -6.15776430e+01 9.72735157e+01 -3.35888417e-01 -1.17771979e+01 -3.77373279e+01 -1.76013549e+01 7.18346827e+01 5.05014654e+01 -1.20694376e+01 -2.07522119e+01 8.22036931e+01 2.04372796e+01 -7.52829131e+01 -4.92181304e+01 2.95613926e+01
9.36435878e+01 -9.77330766e+01 -7.14751798e+01 -7.92598174e+01 -8.11603424e+01 4.08161241e+01 -1.73871637e+01 -8.50172615e+01 -6.08568082e+01 5.73340255e+00 8.54997608e+01 2.22518777e+01 6.62951227e+01 -2.62803393e+01 5.64917798e+01 -3.03651822e+01
-3.87621039e+01 4.17122095e+01 3.43298726e+00 -7.12879053e+01 -9.04707716e+01 7.96417747e+00 5.32883264e+01 4.96224223e+01 1.33828665e+01 -7.42603386e+01 8.19904069e+01 5.62162764e+01 -6.52165909e+01 -4.20465829e+01 8.24016141e+01 -7.19255058e+01
-7.68827823e+01 -3.26012174e+01 6.36719187e+01 2.78909609e+01 7.61278282e+01 -5.44965115e+01 -8.40224305e+01 -1.61496757e+01 -6.10960056e+01 3.46695158e+01 -1.92243716e+01 1.83756385e+01 -2.99836145e+01 3.31553361e+01 8.39882803e+01 -3.00042033e+01
2.17108396e+01 -5.77676343e+01 3.58268681e+01 7.39775137e+01 -4.20481806e+01 -8.03106369e+01 -4.10782370e+01 -8.40852326e+01 5.81152409e+01 -5.14380521e+01 -1.06516217e+01 -9.55996152e+00 -9.08217559e+01 6.83689604e+01 -6.89497311e+01 -2.66485153e+01
4.60033146e+01 6.08750037e+01 8.27349802e+00 -7.50816932e+01 -6.87396939e+00 5.75587484e+01 -3.44797532e+01 -4.63350039e+00 6.61127934e+01 5.21361630e+01 3.13421967e+01 5.61544308e+01 -9.26693589e+01 6.39956410e+01 -9.03227477e+01 -5.21466631e+01
-4.53431122e+01 7.19869435e+01 -1.46338858e+01 3.84329008e+01 5.16668536e+01 -1.57713262e+01 -8.63274355e+01 -6.47294288e+01 -6.81694018e+01 1.75088235e+01 6.82682891e+01 -4.45351231e+01 3.07089296e+00 1.05803325e+01 1.73480942e+01 -6.32340759e+01
-6.57440855e+00 9.68212712e+01 -9.33197557e+01 8.87303533e+01 4.62422815e+01 2.32948091e+01 -5.73459491e+01 1.71020292e+01 -1.65054469e+01 6.90295543e+01 -8.94865063e+01 1.14410504e+01 7.74476781e+01 3.34726457e+01 1.94397835e+01 8.62136525e+01
