3456.316406 -12141.336914 -14671.599609 -5074.381836 -19732.367188 -812.205505 1880.570801 -3278.442383 9838.891602 1378.143311 -2002.723877 -6968.021484 3860.037598 -20227.906250 4654.462891 -14614.322266 
-2072.823730 11542.149414 -2537.403076 -9204.058594 23152.859375 -3483.971680 -24971.685547 -18469.775391 -9099.154297 -7422.027344 10293.745117 -16540.005859 3332.158691 -16492.269531 11710.954102 24704.888672 
-21361.277344 -6004.564941 10155.361328 10511.659180 -2982.348145 -15621.674805 19590.513672 -17373.957031 -10451.517578 -480.692413 3034.800781 16652.744141 -2239.977051 -839.066895 7564.384766 -2708.529053 
-9423.583008 2152.320557 7078.364746 13258.278320 10690.488281 -15679.925781 -7723.176270 8267.315430 -6629.532227 10368.850586 6984.667969 -7597.973145 10595.400391 10334.505859 -2801.944824 4732.785645 
3178.064209 -734.779480 4613.231934 -2587.242188 -17873.792969 -7410.630371 4501.268066 29112.914063 5763.805176 -1002.932617 -997.561584 6529.152344 -19574.255859 -12023.214844 7306.650391 -34712.835938 
18585.150391 11643.482422 10875.067383 22057.052734 7451.303223 -379.828491 18120.767578 4486.305176 3525.427734 8579.796875 -15841.589844 -17059.078125 31182.519531 10357.375977 -17804.994141 9911.489258 
13082.361328 -18004.701172 -15477.030273 10111.800781 -9006.447266 6349.465820 4218.848145 -17644.980469 -2651.431152 4429.916504 4426.962402 -3070.383789 14633.961914 9617.813477 -11170.610352 8735.812500 
-5565.740723 -10545.524414 -12699.551758 -10303.342773 3452.835449 15806.957031 2001.301758 9698.562500 8659.801758 -15513.664063 9140.169922 -13086.632813 -7280.034668 -13152.455078 -17483.474609 9382.500000 
-4162.715332 -13105.481445 -2533.999756 -6501.287109 -3852.723877 -7081.309082 9765.224609 6224.118652 -27654.726563 -17342.568359 3352.359131 4689.145996 -4118.957520 -1899.196045 6973.885742 -1801.231079 
2839.306885 16607.990234 -22821.214844 11797.371094 -921.271851 34930.546875 16865.019531 -2807.145264 37238.222656 6349.348145 -8989.077148 -8505.446289 24263.662109 3020.057617 -49460.742188 25276.246094 
-14124.248047 43341.570313 19943.617188 6567.497559 -6387.066895 9837.632813 676.962463 -13438.725586 11688.130859 -17324.431641 3707.907471 24184.337891 1292.001099 11285.001953 -14761.424805 -4450.469727 
2753.457031 -9762.811523 -10497.482422 -16590.787109 3008.351318 8176.199707 -5391.021973 16149.272461 -6884.466309 12986.101563 -5093.988770 4796.474609 17241.664063 4933.389160 -8606.629883 -4765.839844 
8523.739258 -25485.119141 -23512.646484 -16033.734375 20742.705078 -3806.783936 169.618210 883.456055 -20189.736328 14188.442383 -17715.154297 -1855.872803 10066.900391 20769.714844 5598.011719 29753.369141 
4377.893066 -11957.105469 -7500.541992 11847.415039 -12578.964844 10062.918945 -25787.818359 -4299.205078 20686.449219 17363.375000 11456.755859 -1031.059326 -27564.330078 20521.488281 4120.268066 -2284.391846 
-13471.148438 -2771.230225 -11224.703125 -13790.144531 6718.513672 12871.741211 -11976.763672 11712.029297 12444.146484 10076.273438 -6400.001465 -15669.226563 14543.098633 -9363.608398 -5278.645996 9173.729492 
-6873.312012 -25238.775391 7267.476563 2016.289795 -2579.031250 706.878906 -15108.226563 6835.384766 12575.050781 7083.191895 26032.050781 -14569.908203 -23295.619141 -1892.762085 17399.371094 -8472.427734 
