13 90 -62 4 101 -60 24 17 -89 116 127 -44 33 91 14 75 
23 11 16 -52 -87 97 -65 36 -81 -55 41 -92 -127 -56 -87 97 
116 23 -113 -65 47 -125 56 127 -9 -110 -72 -12 -3 -47 -13 75 
-85 -75 -88 114 78 -73 -15 65 -101 115 -127 73 -18 -120 89 -91 
-120 42 22 -99 63 -23 17 2 101 127 11 -30 127 18 -39 -28 
-3 -119 0 113 33 43 58 -87 3 46 15 60 3 -127 124 -98 
127 -55 13 40 12 -39 27 28 -85 63 26 121 -86 6 52 82 
-83 81 -91 19 -93 -47 23 -126 -127 78 43 111 70 27 0 78 
1 -80 127 0 -15 -49 -23 94 66 -16 -27 107 27 -98 -64 39 
122 -127 -93 -103 -105 53 -23 -110 -79 7 111 29 86 -34 73 -39 
-54 59 5 -100 -127 11 75 70 19 -104 115 79 -92 -59 116 -101 
-116 -49 96 42 115 -82 -127 -24 -92 52 -29 28 -45 50 127 -45 
30 -81 50 103 -59 -112 -57 -118 81 -72 -15 -13 -127 96 -96 -37 
63 83 11 -103 -9 79 -47 -6 91 71 43 77 -127 88 -124 -71 
-67 106 -22 57 76 -23 -127 -95 -100 26 100 -66 5 16 26 -93 
-9 127 -122 116 61 31 -75 22 -22 91 -117 15 102 44 25 113 
