105 50 74 89 74 6 37 127 13 -17 -126 -1 -125 -126 23 122 
-12 -11 -96 44 -114 -67 -51 13 -60 -113 -123 4 -103 110 -42 -127 
37 53 78 -101 -68 113 -97 28 -26 25 -84 82 -127 93 47 26 
-13 -9 102 68 48 -75 83 16 -53 -81 -56 127 80 -94 30 -60 
39 84 80 91 104 -67 -126 99 119 35 127 -87 -96 -84 52 -36 
50 -60 127 -33 92 -77 -97 -61 57 0 -88 -33 43 0 -5 -21 
26 -85 64 -86 -127 -6 45 -64 -21 54 55 112 36 7 -12 70 
-9 -65 -44 -19 16 35 -39 45 -66 17 98 -32 -84 -104 -101 -127 
-15 89 84 -12 127 -95 60 -84 126 -62 -25 10 30 -101 -41 -35 
-86 -86 -46 127 100 -56 -48 -4 -81 -20 95 68 -50 -61 -25 -17 
-108 120 -108 127 -31 -75 28 19 66 73 33 101 100 111 -75 58 
-127 106 48 -18 115 -108 22 -105 -107 -1 -1 -31 17 -16 47 93 
30 -62 -46 -127 -66 91 123 102 -31 -98 45 -34 62 49 -117 39 
125 -74 65 -127 -115 30 -67 59 -13 -1 -110 -72 18 77 2 -4 
-2 127 9 22 25 -52 -24 -98 -123 -36 42 -71 -92 12 -45 40 
109 120 69 108 82 -39 103 -110 50 -10 2 -98 127 -108 -116 -61 
