8.71356523e+00 -9.72145290e+01 4.56256173e+01 1.12756479e+01 3.59883489e+01 6.70094358e+01 7.59385443e+01 -8.56446562e+01 7.20907150e+01 9.47172237e+01 1.22107875e+01 -2.57637768e+01 -6.89830822e+01 4.14116576e+01 4.66988640e+01 8.67862481e+01
-8.03024685e+01 -2.00481616e+01 -2.81343247e+01 -5.29706673e+01 -9.77483529e+01 9.51786641e+01 8.32564288e+01 8.88553796e+01 -3.06478872e+01 -4.41119483e+01 4.84887838e+01 -8.79190099e+01 -2.94557699e+00 -3.97005512e+01 9.70388178e+01 -9.96848702e+01
-8.53714330e+01 6.68928166e+01 -4.48876443e+01 -1.00334850e+01 6.29304418e+01 9.36821735e+01 9.00922712e+01 2.82101093e+01 8.82204558e+01 -7.17964338e+01 -5.65608081e+01 1.19836955e+00 -3.19357810e+01 -8.88366017e+01 7.11438399e+01 2.18580207e+01
9.79539920e+01 6.61965110e+00 -7.41637216e+01 -2.54363112e+01 4.16944132e+01 7.10419874e+01 8.64786159e+01 -4.59587015e+00 5.03625907e+01 5.59665950e+01 -4.19271508e+01 3.43813179e+01 -3.78991743e+01 -6.48757669e+01 4.36338991e+01 -4.78003282e+01
-8.47849141e+01 -6.60673999e+01 -7.01399190e+01 5.14506929e+01 -2.04352979e+01 1.74181016e+01 -6.02430064e+01 -8.11608074e+01 -2.67596461e+01 -8.22075666e+01 -3.46734910e+01 -4.33642242e+01 -8.71281008e+01 -7.34689353e+01 -4.91716217e+01 3.95663083e+01
7.24016557e+01 3.45969314e+01 3.39765358e+01 -5.10756445e+01 -5.69101394e+01 4.17997580e+01 -9.99623343e+01 -6.29921004e+01 -5.97401009e+01 -2.23145798e+01 3.28709435e+01 8.50432717e+01 6.75442941e+01 6.21095424e+01 7.31537196e+01 -4.30188401e+01
1.94583222e+01 -8.15364606e+01 -1.44376994e+01 -2.98293274e+01 9.10915307e+01 -8.99946009e+01 9.90869436e+01 -8.22606675e+01 6.17956527e+01 -9.50917955e+01 5.89349802e+01 4.29249213e+01 8.82921677e+01 -4.61786333e+01 4.52397711e+01 6.27151894e+01
-7.15713576e+01 2.22068555e+01 5.13724142e+01 -4.87066110e+01 4.81885685e+00 -7.41603375e+01 -7.06899320e+01 -9.62531353e+01 6.27832630e+01 8.77247107e+01 -4.76323261e+01 -1.99433260e+01 7.68521483e+01 -4.99879597e+01 1.64326739e+01 -1.47358663e+01
8.69289536e+01 6.59119882e+01 -9.26803275e+01 -7.49816101e+01 -4.31632821e+01 8.75547480e+01 -5.25151078e+01 -2.85389584e+01 9.96344451e+00 7.37141758e+01 2.66469801e+01 9.83993580e+00 4.91713853e+01 5.36859682e+01 9.97770200e+01 -9.35236534e+01
8.52617877e+01 -1.78384695e+01 -5.77303393e+01 -3.06666185e+01 8.09003948e+01 -8.84691558e+00 -8.20107639e+01 -8.20289009e+01 5.85685150e+01 7.13280862e+01 -6.22973361e+01 -4.29708060e+01 -8.81946053e+01 2.45991537e+01 5.31325156e+01 -4.76093848e+01
9.90990913e+00 9.65868592e+01 -1.18762408e+01 -1.12347704e+01 -7.89100757e+01 5.12520278e+01 -5.35369314e+01 8.25869062e+01 -1.88608779e+01 6.15704427e+01 -7.82283057e+01 4.69472310e+01 -4.12500874e+00 -5.16647792e+00 1.07681539e+01 3.24256035e+01
1.43653706e+01 3.05593662e+01 7.31976675e+01 -9.33330532e+01 -6.11735456e+01 -9.14881171e+01 5.49763266e+01 9.06122258e+01 2.63366426e+01 -3.79155169e+01 -6.75706111e+01 -4.55642910e+00 2.13575962e+01 9.35172572e+01 9.45992323e+01 -6.15394521e+01
5.59067995e+01 -9.66630891e+01 3.73753564e+01 4.89373393e+01 3.89660361e+01 -6.00353872e+01 -7.49803589e+00 -7.50399955e+01 -6.58608419e+01 -3.06276346e+01 8.86853198e+01 -7.23644005e+01 -3.65521275e+01 -8.23668166e+01 9.80570954e+01 -5.45900848e+00
7.65490231e+01 -1.60011666e+01 -2.93435587e+01 1.70487628e+01 -4.82179491e+01 -6.78144772e+00 -3.44864563e+01 3.19419432e+00 8.75727525e+01 1.20007870e+01 -7.91081560e+01 7.36835783e+01 -8.05306508e+01 7.11401248e+01 7.52216552e+01 -9.97804871e+01
-7.01464801e+01 4.74240013e+01 -1.17458781e+01 8.91283659e+01 5.59469460e+01 1.46584488e+01 7.80067973e+00 9.19992475e+01 9.89005857e+01 3.51011708e+00 -1.39487542e+01 -7.12415100e+01 -6.15688242e+01 -9.07576132e+00 -9.09206199e+01 8.24945426e+01
3.03551350e+01 -9.82445973e+01 -9.26135081e+01 9.62028518e+01 -6.62777867e+01 1.59572811e+01 -9.47571970e+01 -6.21250967e+01 -7.75519260e+01 -8.95510404e+01 4.93134758e+01 2.63010591e+01 -6.50387018e+01 -3.52340080e+01 -8.88811603e+01 -6.28873755e+00
