8.01216328e+01 3.79789173e+01 5.67312002e+01 6.77444331e+01 5.66321480e+01 4.49771489e+00 2.83336314e+01 9.68265988e+01 9.79836494e+00 -1.31770085e+01 -9.60861990e+01 -8.22134280e-01 -9.54081011e+01 -9.59921516e+01 1.78026161e+01 9.33176255e+01
-9.39239598e+00 -8.15290161e+00 -7.41718073e+01 3.39898075e+01 -8.83392641e+01 -5.23122206e+01 -3.99272570e+01 1.00573390e+01 -4.61727585e+01 -8.78243717e+01 -9.52509427e+01 2.75860284e+00 -7.96373998e+01 8.53964831e+01 -3.23286335e+01 -9.85366647e+01
2.70568425e+01 3.92859046e+01 5.71830551e+01 -7.41741002e+01 -5.00088506e+01 8.28463360e+01 -7.16595082e+01 2.08011271e+01 -1.90731046e+01 1.87559974e+01 -6.15052892e+01 6.04499912e+01 -9.34699494e+01 6.85097401e+01 3.48901170e+01 1.89859082e+01
-1.01634762e+01 -6.48457202e+00 7.70338695e+01 5.19691347e+01 3.65853388e+01 -5.72404173e+01 6.27683880e+01 1.23370334e+01 -4.01062085e+01 -6.13278927e+01 -4.28162452e+01 9.63663162e+01 6.04252472e+01 -7.11501642e+01 2.28232347e+01 -4.59010741e+01
2.90560531e+01 6.22323139e+01 5.90786799e+01 6.70674671e+01 7.67727115e+01 -4.92263571e+01 -9.29772374e+01 7.30522276e+01 8.80388516e+01 2.58543139e+01 9.38211743e+01 -6.43886354e+01 -7.08479792e+01 -6.23873515e+01 3.81922265e+01 -2.66702896e+01
3.66874152e+01 -4.44374070e+01 9.37047230e+01 -2.43229291e+01 6.78475104e+01 -5.69562192e+01 -7.13167208e+01 -4.47710365e+01 4.22965618e+01 -2.97512489e-01 -6.50638643e+01 -2.44577551e+01 3.15873031e+01 -9.58193406e-02 -3.64928048e+00 -1.52362644e+01
1.98605443e+01 -6.47167426e+01 4.88036556e+01 -6.54892914e+01 -9.72022885e+01 -4.43851589e+00 3.45833440e+01 -4.88037822e+01 -1.63557520e+01 4.14851709e+01 4.22272478e+01 8.58380599e+01 2.73636674e+01 5.41836639e+00 -9.27633871e+00 5.38778529e+01
-7.33334817e+00 -5.11111446e+01 -3.44064069e+01 -1.49705036e+01 1.21933607e+01 2.72700219e+01 -3.03644426e+01 3.55213290e+01 -5.17245586e+01 1.29703656e+01 7.65246372e+01 -2.50652497e+01 -6.57453129e+01 -8.15159515e+01 -7.91966520e+01 -9.92303890e+01
-1.15228288e+01 6.95254910e+01 6.59043919e+01 -9.61866053e+00 9.91882877e+01 -7.38804988e+01 4.66809039e+01 -6.59286394e+01 9.80304008e+01 -4.86247045e+01 -1.92706805e+01 7.64013771e+00 2.35288654e+01 -7.90755295e+01 -3.20515188e+01 -2.70465575e+01
-6.60840773e+01 -6.57516423e+01 -3.55565023e+01 9.74948625e+01 7.67874090e+01 -4.31425723e+01 -3.65185900e+01 -3.41732848e+00 -6.22026497e+01 -1.50002227e+01 7.27647837e+01 5.19459089e+01 -3.87148678e+01 -4.68295854e+01 -1.91555729e+01 -1.27020315e+01
-8.36924556e+01 9.22865856e+01 -8.31064446e+01 9.80009713e+01 -2.35758334e+01 -5.82212604e+01 2.13574406e+01 1.50129500e+01 5.07098929e+01 5.63442994e+01 2.57582521e+01 7.80383339e+01 7.69829500e+01 8.56246558e+01 -5.79458414e+01 4.48432197e+01
-9.24179900e+01 7.73796508e+01 3.47470066e+01 -1.28769399e+01 8.34598225e+01 -7.89522727e+01 1.58876611e+01 -7.66034841e+01 -7.78584174e+01 -5.71916991e-01 -8.09077830e-01 -2.27706375e+01 1.20874662e+01 -1.17639111e+01 3.41313080e+01 6.75697787e+01
2.27847244e+01 -4.71544362e+01 -3.47745559e+01 -9.59120539e+01 -4.96425980e+01 6.88825301e+01 9.25346970e+01 7.69222759e+01 -2.32975012e+01 -7.36508130e+01 3.38824918e+01 -2.58256152e+01 4.65956119e+01 3.71139039e+01 -8.82875819e+01 2.97365170e+01
7.78608636e+01 -4.57482421e+01 4.06844231e+01 -7.88922188e+01 -7.17028948e+01 1.86670500e+01 -4.13736385e+01 3.64043441e+01 -7.95646318e+00 -3.94731376e-01 -6.86200481e+01 -4.45824300e+01 1.13970294e+01 4.80335753e+01 1.38792503e+00 -2.35524288e+00
-1.26128543e+00 8.76884826e+01 6.55374069e+00 1.52892459e+01 1.69262393e+01 -3.58028267e+01 -1.63861964e+01 -6.77108130e+01 -8.45945967e+01 -2.45890258e+01 2.92905939e+01 -4.90599323e+01 -6.35220203e+01 8.36702437e+00 -3.12668458e+01 2.74708530e+01
8.50653382e+01 9.32934918e+01 5.35336408e+01 8.42912898e+01 6.36528175e+01 -3.03555235e+01 8.05853977e+01 -8.59558126e+01 3.89090022e+01 -8.03711303e+00 1.86276050e+00 -7.64462563e+01 9.90548220e+01 -8.42066027e+01 -9.04779795e+01 -4.74524809e+01
