-4674.358887 -11808.119141 23955.281250 3983.067627 30771.238281 15108.367188 -3705.439209 -3540.316650 18267.939453 -16679.720703 -13422.557617 6273.700195 -11894.331055 -2068.313232 -7310.774902 5064.876465 
6085.995605 -9058.637695 17373.429688 415.676453 13024.116211 7362.167969 18033.791016 -1514.811157 1885.397705 5479.597168 -1910.388062 -15179.024414 -5917.980957 -144.409485 12611.925781 -6749.002930 
6463.971191 -1645.773682 15553.523438 22962.197266 18414.712891 -3166.619385 3507.147949 825.561523 8712.939453 -21983.367188 -23858.095703 -12986.504883 -22958.652344 -3307.744385 -17818.451172 6046.425781 
27191.589844 -10954.257813 -2986.020752 2774.004883 3077.837891 4197.826660 22849.294922 12094.669922 -28229.935547 400.327515 9259.646484 6066.214844 1405.080444 -13240.338867 4327.387207 -10702.659180 
-6319.223145 -23731.691406 3832.202148 -34541.359375 16987.363281 -6692.609375 -7719.984375 2771.146973 21950.585938 742.669006 -12358.301758 23844.193359 -5203.968262 -26436.798828 -1269.182373 15303.470703 
14671.126953 -6965.000488 -6586.862305 -6261.504395 8257.928711 4268.025879 -3038.396973 -9567.644531 -10704.780273 -150.909027 -23299.716797 14142.598633 -4583.676758 -5202.211914 7592.401855 -9196.559570 
-452.371582 18238.042969 -571.161926 18025.839844 -11914.471680 -500.132324 4447.247070 2309.691406 -6467.667480 -3773.596924 126.155518 -11106.458984 -6862.626465 -3919.517334 -5668.148438 12869.743164 
-16826.634766 3224.978027 -4052.183105 -15152.052734 -1674.319702 1405.137695 -4978.249023 8779.478516 9590.029297 2394.860840 -9396.944336 -7216.581055 15766.196289 -9468.727539 3215.423828 -1854.319214 
17238.458984 -16207.142578 3294.370850 -10245.131836 5689.662109 -11907.109375 2211.817383 -20706.677734 -20685.029297 2242.571289 -2939.215332 4340.623535 -9955.340820 -14319.290039 13880.357422 -905.173889 
4393.517090 -9626.133789 -6260.062500 -16274.839844 -10269.339844 17260.994141 -10423.147461 12168.749023 12250.903320 -1760.431396 11792.412109 4634.279297 5507.405273 569.781128 14699.503906 112.820740 
8191.458008 2827.907471 9592.669922 -8533.777344 -12403.925781 9117.839844 -6394.102051 -2804.649902 23557.236328 1994.879272 36747.824219 -11314.800781 -10243.074219 15940.549805 14575.285156 8714.328125 
25088.501953 -14565.078125 -9418.833984 1642.012695 -4170.259766 -1708.947632 -15293.256836 -966.827942 -22870.716797 -3287.557129 23290.250000 8655.325195 -6357.002441 16445.460938 5853.937012 -134.476395 
-15369.119141 37286.640625 5567.858887 1688.615845 -5603.723145 323.269623 16358.513672 -16588.726563 -7058.685547 1116.724731 8638.208008 -11993.224609 20745.697266 9033.898438 -22044.894531 -9570.888672 
-3922.793457 14183.676758 4444.316895 7996.447754 10698.685547 73.648300 10820.879883 -2886.012207 -3916.507568 -186.315750 -20032.943359 1988.883667 2724.578125 -652.189758 -13774.469727 -5802.128906 
3834.184814 -17070.560547 -818.627380 2870.871826 8418.741211 -739.118591 -16693.980469 -6472.623535 -5474.691895 -3665.732666 8116.616211 -8068.272949 -8885.762695 7921.524902 1807.094482 10771.692383 
-3274.938477 -17510.353516 -18244.857422 -4567.371582 6320.105469 -5867.051270 -12331.242188 -12550.113281 -20956.115234 12446.349609 -221.851074 -1455.540283 6814.650879 -5809.124512 13723.275391 -3091.495117 
