3456.205811 -12140.947266 -14671.128906 -5074.218750 -19731.734375 -812.179382 1880.510254 -3278.336914 9838.575195 1378.098877 -2002.659424 -6967.797852 3859.913574 -20227.255859 4654.313477 -14613.853516 
-2072.757324 11541.779297 -2537.321533 -9203.762695 23152.115234 -3483.859375 -24970.884766 -18469.181641 -9098.861328 -7421.788574 10293.414063 -16539.474609 3332.052002 -16491.740234 11710.578125 24704.099609 
-21360.591797 -6004.372070 10155.034180 10511.322266 -2982.251709 -15621.173828 19589.882813 -17373.398438 -10451.182617 -480.676941 3034.703369 16652.210938 -2239.905029 -839.039917 7564.141602 -2708.442139 
-9423.279297 2152.251221 7078.137207 13257.851563 10690.143555 -15679.423828 -7722.928711 8267.049805 -6629.319824 10368.516602 6984.443359 -7597.729004 10595.059570 10334.172852 -2801.854736 4732.633301 
3177.962402 -734.755798 4613.083496 -2587.159424 -17873.214844 -7410.392578 4501.123047 29111.980469 5763.620605 -1002.900452 -997.529724 6528.942871 -19573.626953 -12022.829102 7306.416504 -34711.718750 
18584.552734 11643.108398 10874.717773 22056.347656 7451.063477 -379.816315 18120.183594 4486.161621 3525.314697 8579.520508 -15841.082031 -17058.529297 31181.521484 10357.042969 -17804.421875 9911.169922 
13081.941406 -18004.119141 -15476.534180 10111.476563 -9006.157227 6349.261719 4218.712402 -17644.412109 -2651.346191 4429.773926 4426.819824 -3070.285400 14633.494141 9617.503906 -11170.251953 8735.531250 
-5565.562012 -10545.185547 -12699.144531 -10303.010742 3452.724609 15806.451172 2001.237671 9698.250000 8659.524414 -15513.166016 9139.875977 -13086.213867 -7279.801270 -13152.034180 -17482.910156 9382.198242 
-4162.581543 -13105.061523 -2533.918213 -6501.079590 -3852.600098 -7081.081543 9764.910156 6223.917969 -27653.839844 -17342.009766 3352.251465 4688.996094 -4118.825684 -1899.135010 6973.662598 -1801.173340 
2839.216064 16607.457031 -22820.484375 11796.992188 -921.242249 34929.425781 16864.476563 -2807.054932 37237.027344 6349.143555 -8988.788086 -8505.172852 24262.884766 3019.960693 -49459.156250 25275.433594 
-14123.794922 43340.179688 19942.976563 6567.286621 -6386.861328 9837.316406 676.940735 -13438.293945 11687.756836 -17323.875000 3707.788574 24183.560547 1291.959595 11284.638672 -14760.951172 -4450.326172 
2753.368652 -9762.497070 -10497.144531 -16590.253906 3008.254639 8175.938477 -5390.848145 16148.754883 -6884.246094 12985.684570 -5093.825195 4796.320801 17241.111328 4933.230957 -8606.353516 -4765.686523 
8523.464844 -25484.300781 -23511.890625 -16033.220703 20742.039063 -3806.661621 169.612747 883.427612 -20189.087891 14187.985352 -17714.582031 -1855.813232 10066.576172 20769.044922 5597.831543 29752.414063 
4377.752441 -11956.721680 -7500.301270 11847.034180 -12578.558594 10062.595703 -25786.988281 -4299.066895 20685.785156 17362.818359 11456.387695 -1031.026367 -27563.443359 20520.826172 4120.136230 -2284.318604 
-13470.716797 -2771.141357 -11224.343750 -13789.703125 6718.298340 12871.328125 -11976.378906 11711.653320 12443.748047 10075.948242 -6399.796387 -15668.725586 14542.632813 -9363.307617 -5278.476563 9173.435547 
-6873.091797 -25237.962891 7267.243652 2016.225342 -2578.948242 706.856201 -15107.742188 6835.165527 12574.647461 7082.964844 26031.214844 -14569.441406 -23294.873047 -1892.701294 17398.812500 -8472.156250 
